58063257180747613229737567128450835877053220672146300432433591994575026158824848561595489914267292531939824531021802095114723368376974485241561997921049038525862124215262095927582658669495952564963463
82415596466908421555030937214882824730471388094318837190886371671995224842126176568683558943860671185373456251461127663513219593635241740066447440674542453274845877713256520255539916988722757276614799
32843671966285048708355742874328124187809445747234399391563613869512618055751604059350083286068121125952423503838015525188594395518144609935956244673910184253553159925727570879595947899839305249408849
43515722139975836129981409088945752849284099946015477469806479694789179698005973540189353013105044961523713368398399047306660613540361231528594118214068071473888590397709632647957217150861426693360087
95409682296077023837942306281903848160529252514361507600049285456785315535458171575319915802384886216241427134096581867193659444039738424298204743337054291171417847991414298954311876326795973964081253
80575152088278959767983311953803676341996599288501208164505130327202651082897955360965479686367713787749633005262840775862489832909747033678834866104021231766479387311551162389390731566240170225544497
36904768007462046547889332867304196882314675509487021215672699791246657503534408503634545632599041596081765402694139135052870731011288080299577068244552805927662994639747832979217707448274034458216249
30663971128392194829488742686764584592565738477940332815242796792136896868295957220658414399486967574786078651812119061699611299504609128545784901337372530312553588316734083862900903825573990373510173
82103482299630931266229360274693679977764271973569846074785089975790605004475599624329089882300037016849969892277200833128402670989633497632989465657640320677972371318027777454310970471736632238158539
62928880996823295297996170488986337557161516593645369763045634828260680180748750985587092166194067784124735809688390642685705102857271030814740736201877105846440343524070736682929101265775365238184093
